203.72 196.96 203.392436 203.298786
223.352072 167.040508 220.080111 206.584556
204.432972 144.651138 210.578528 193.947086
204.432972 144.651138 195.589497 122.553161
204.432972 144.651138 220.080111 206.584556
204.432972 144.651138 211.143378 211.805214
220.56 199.997 220.080111 206.584556
193.681108 190.747283 210.229503 210.434453
193.681108 190.747283 202.608267 198.172442
193.681108 190.747283 220.080111 206.584556
230.901389 94.484444 220.080111 206.584556
203.392436 203.298786 203.72 196.96
203.392436 203.298786 214.519672 203.840889
203.392436 203.298786 209.719217 196.641678
203.392436 203.298786 218.965667 211.5386
203.392436 203.298786 205.935064 209.663272
203.392436 203.298786 199.934856 200.458961
203.392436 203.298786 211.780019 207.298436
203.392436 203.298786 210.229503 210.434453
203.392436 203.298786 208.865 205.9
203.392436 203.298786 206.538522 196.800703
203.392436 203.298786 205.218106 200.039197
203.392436 203.298786 209.826683 211.461906
203.392436 203.298786 211.742042 208.862025
203.392436 203.298786 220.080111 206.584556
203.392436 203.298786 198.302897 199.412272
203.392436 203.298786 216.266108 210.374436
203.392436 203.298786 205.077731 211.232822
203.392436 203.298786 219.124353 207.346183
203.392436 203.298786 217.746897 202.628428
203.392436 203.298786 223.907106 177.474244
203.392436 203.298786 216.6467 209.119
203.392436 203.298786 207.9122 210.852
203.392436 203.298786 214.447119 198.751592
203.392436 203.298786 204.544036 208.127739
214.519672 203.840889 203.392436 203.298786
214.519672 203.840889 218.965667 211.5386
214.519672 203.840889 199.934856 200.458961
214.519672 203.840889 198.302897 199.412272
214.519672 203.840889 202.639258 203.810664
214.519672 203.840889 223.907106 177.474244
214.519672 203.840889 204.544036 208.127739
223.5412 215.1201 220.080111 206.584556
223.5412 215.1201 216.857214 207.215992
216.2475 203.126 220.080111 206.584556
209.719217 196.641678 203.392436 203.298786
209.719217 196.641678 208.189158 203.219633
209.719217 196.641678 216.6369 199.554
209.719217 196.641678 205.935064 209.663272
209.719217 196.641678 199.934856 200.458961
209.719217 196.641678 205.218106 200.039197
209.719217 196.641678 216.117 193.617
209.719217 196.641678 220.080111 206.584556
209.719217 196.641678 202.639258 203.810664
209.719217 196.641678 223.907106 177.474244
209.719217 196.641678 212.1506 202.291
209.719217 196.641678 214.447119 198.751592
208.189158 203.219633 209.719217 196.641678
208.189158 203.219633 210.578528 193.947086
208.189158 203.219633 218.965667 211.5386
208.189158 203.219633 219.85 200.033
208.189158 203.219633 199.934856 200.458961
208.189158 203.219633 220.851422 201.824103
208.189158 203.219633 209.826683 211.461906
208.189158 203.219633 202.608267 198.172442
208.189158 203.219633 220.080111 206.584556
208.189158 203.219633 198.302897 199.412272
208.189158 203.219633 216.857214 207.215992
208.189158 203.219633 217.746897 202.628428
208.189158 203.219633 214.447119 198.751592
208.189158 203.219633 214.16 207.11
210.578528 193.947086 204.432972 144.651138
210.578528 193.947086 208.189158 203.219633
210.578528 193.947086 199.934856 200.458961
210.578528 193.947086 212.857 193.683
210.578528 193.947086 220.080111 206.584556
210.578528 193.947086 202.639258 203.810664
210.578528 193.947086 223.907106 177.474244
210.578528 193.947086 214.447119 198.751592
218.965667 211.5386 203.392436 203.298786
218.965667 211.5386 214.519672 203.840889
218.965667 211.5386 208.189158 203.219633
218.965667 211.5386 219.85 200.033
218.965667 211.5386 211.780019 207.298436
218.965667 211.5386 225.623403 216.250328
218.965667 211.5386 226.843394 220.465389
218.965667 211.5386 215.0461 208.412
218.965667 211.5386 209.826683 211.461906
218.965667 211.5386 211.742042 208.862025
218.965667 211.5386 198.302897 199.412272
218.965667 211.5386 223.5567 212.2
218.965667 211.5386 205.077731 211.232822
218.965667 211.5386 204.544036 208.127739
217.2716 208.2819 220.080111 206.584556
219.85 200.033 208.189158 203.219633
219.85 200.033 218.965667 211.5386
219.85 200.033 208.865 205.9
219.85 200.033 216.5275 192.043
205.252778 145.364444 171.141625 103.231178
205.252778 145.364444 220.080111 206.584556
216.6369 199.554 209.719217 196.641678
205.935064 209.663272 203.392436 203.298786
205.935064 209.663272 209.719217 196.641678
205.935064 209.663272 199.934856 200.458961
205.935064 209.663272 211.780019 207.298436
205.935064 209.663272 211.742042 208.862025
205.935064 209.663272 220.080111 206.584556
205.935064 209.663272 214.447119 198.751592
199.934856 200.458961 203.392436 203.298786
199.934856 200.458961 214.519672 203.840889
199.934856 200.458961 209.719217 196.641678
199.934856 200.458961 208.189158 203.219633
199.934856 200.458961 210.578528 193.947086
199.934856 200.458961 205.935064 209.663272
199.934856 200.458961 211.780019 207.298436
199.934856 200.458961 210.229503 210.434453
199.934856 200.458961 208.865 205.9
199.934856 200.458961 204.992364 192.743536
199.934856 200.458961 209.826683 211.461906
199.934856 200.458961 211.742042 208.862025
199.934856 200.458961 202.608267 198.172442
199.934856 200.458961 220.080111 206.584556
199.934856 200.458961 211.143378 211.805214
199.934856 200.458961 181.350189 193.994433
199.934856 200.458961 202.639258 203.810664
199.934856 200.458961 205.077731 211.232822
199.934856 200.458961 217.746897 202.628428
199.934856 200.458961 207.9122 210.852
199.934856 200.458961 210.783758 204.2081
199.934856 200.458961 204.544036 208.127739
199.934856 200.458961 215.018 200.993
220.851422 201.824103 208.189158 203.219633
220.851422 201.824103 220.080111 206.584556
220.851422 201.824103 202.639258 203.810664
211.780019 207.298436 203.392436 203.298786
211.780019 207.298436 218.965667 211.5386
211.780019 207.298436 205.935064 209.663272
211.780019 207.298436 199.934856 200.458961
211.780019 207.298436 225.623403 216.250328
211.780019 207.298436 216.117 193.617
211.780019 207.298436 220.080111 206.584556
211.780019 207.298436 181.350189 193.994433
211.780019 207.298436 198.302897 199.412272
211.780019 207.298436 202.639258 203.810664
211.780019 207.298436 216.266108 210.374436
211.780019 207.298436 217.746897 202.628428
211.780019 207.298436 204.544036 208.127739
210.229503 210.434453 193.681108 190.747283
210.229503 210.434453 203.392436 203.298786
210.229503 210.434453 199.934856 200.458961
210.229503 210.434453 221.1014 211.062
210.229503 210.434453 220.080111 206.584556
210.229503 210.434453 198.302897 199.412272
210.229503 210.434453 202.639258 203.810664
210.229503 210.434453 217.746897 202.628428
210.229503 210.434453 214.447119 198.751592
188.1132 188.316872 220.080111 206.584556
229.204997 209.825 220.080111 206.584556
225.623403 216.250328 218.965667 211.5386
225.623403 216.250328 211.780019 207.298436
225.623403 216.250328 216.266108 210.374436
225.623403 216.250328 217.746897 202.628428
232.026317 203.305556 229.566667 207.329444
232.268028 194.388975 229.566667 207.329444
232.268028 194.388975 220.080111 206.584556
218.481944 196.009167 220.080111 206.584556
218.481944 196.009167 214.447119 198.751592
209.733 205.983 220.080111 206.584556
226.843394 220.465389 218.965667 211.5386
226.843394 220.465389 220.080111 206.584556
221.1014 211.062 210.229503 210.434453
212.857 193.683 210.578528 193.947086
230.345 120.894722 220.080111 206.584556
219.542922 166.019956 223.907106 177.474244
208.865 205.9 203.392436 203.298786
208.865 205.9 219.85 200.033
208.865 205.9 199.934856 200.458961
208.865 205.9 221.3824 213.2901
208.865 205.9 214.447119 198.751592
208.865 205.9 204.544036 208.127739
204.992364 192.743536 199.934856 200.458961
204.992364 192.743536 220.080111 206.584556
204.992364 192.743536 214.447119 198.751592
195.589497 122.553161 204.432972 144.651138
206.538522 196.800703 203.392436 203.298786
206.538522 196.800703 220.080111 206.584556
206.538522 196.800703 198.302897 199.412272
206.538522 196.800703 202.639258 203.810664
205.218106 200.039197 203.392436 203.298786
205.218106 200.039197 209.719217 196.641678
171.141625 103.231178 205.252778 145.364444
213.942536 -28.408075 211.143378 211.805214
239.800292 120.262503 220.080111 206.584556
216.117 193.617 209.719217 196.641678
216.117 193.617 211.780019 207.298436
216.117 193.617 220.080111 206.584556
216.117 193.617 211.143378 211.805214
216.117 193.617 202.639258 203.810664
216.117 193.617 205.077731 211.232822
216.117 193.617 223.907106 177.474244
216.117 193.617 214.447119 198.751592
215.0461 208.412 218.965667 211.5386
215.0461 208.412 202.639258 203.810664
215.0461 208.412 207.9122 210.852
224.523889 219.568889 220.080111 206.584556
225.630606 98.728111 230.901389 94.484444
227.239628 213.918131 220.080111 206.584556
209.826683 211.461906 203.392436 203.298786
209.826683 211.461906 208.189158 203.219633
209.826683 211.461906 218.965667 211.5386
209.826683 211.461906 199.934856 200.458961
209.826683 211.461906 220.080111 206.584556
209.826683 211.461906 202.639258 203.810664
209.826683 211.461906 216.266108 210.374436
211.742042 208.862025 203.392436 203.298786
211.742042 208.862025 218.965667 211.5386
211.742042 208.862025 205.935064 209.663272
211.742042 208.862025 199.934856 200.458961
211.742042 208.862025 220.080111 206.584556
211.742042 208.862025 221.3824 213.2901
211.742042 208.862025 202.639258 203.810664
211.742042 208.862025 217.746897 202.628428
211.742042 208.862025 214.447119 198.751592
202.608267 198.172442 193.681108 190.747283
202.608267 198.172442 208.189158 203.219633
202.608267 198.172442 199.934856 200.458961
229.566667 207.329444 232.026317 203.305556
229.566667 207.329444 232.268028 194.388975
229.566667 207.329444 220.080111 206.584556
221.978603 2.095158 220.080111 206.584556
221.978603 2.095158 211.143378 211.805214
220.080111 206.584556 223.352072 167.040508
220.080111 206.584556 204.432972 144.651138
220.080111 206.584556 220.56 199.997
220.080111 206.584556 193.681108 190.747283
220.080111 206.584556 230.901389 94.484444
220.080111 206.584556 203.392436 203.298786
220.080111 206.584556 223.5412 215.1201
220.080111 206.584556 216.2475 203.126
220.080111 206.584556 209.719217 196.641678
220.080111 206.584556 208.189158 203.219633
220.080111 206.584556 210.578528 193.947086
220.080111 206.584556 217.2716 208.2819
220.080111 206.584556 205.252778 145.364444
220.080111 206.584556 205.935064 209.663272
220.080111 206.584556 199.934856 200.458961
220.080111 206.584556 220.851422 201.824103
220.080111 206.584556 211.780019 207.298436
220.080111 206.584556 210.229503 210.434453
220.080111 206.584556 188.1132 188.316872
220.080111 206.584556 229.204997 209.825
220.080111 206.584556 232.268028 194.388975
220.080111 206.584556 218.481944 196.009167
220.080111 206.584556 209.733 205.983
220.080111 206.584556 226.843394 220.465389
220.080111 206.584556 230.345 120.894722
220.080111 206.584556 204.992364 192.743536
220.080111 206.584556 206.538522 196.800703
220.080111 206.584556 239.800292 120.262503
220.080111 206.584556 216.117 193.617
220.080111 206.584556 224.523889 219.568889
220.080111 206.584556 227.239628 213.918131
220.080111 206.584556 209.826683 211.461906
220.080111 206.584556 211.742042 208.862025
220.080111 206.584556 229.566667 207.329444
220.080111 206.584556 221.978603 2.095158
220.080111 206.584556 215.179528 218.938222
220.080111 206.584556 227.449 -32.309306
220.080111 206.584556 211.197875 211.336319
220.080111 206.584556 235.972642 127.414589
220.080111 206.584556 198.302897 199.412272
220.080111 206.584556 202.639258 203.810664
220.080111 206.584556 205.077731 211.232822
220.080111 206.584556 232.559686 103.287711
220.080111 206.584556 217.746897 202.628428
220.080111 206.584556 223.907106 177.474244
220.080111 206.584556 207.9122 210.852
220.080111 206.584556 219.794444 196.799444
220.080111 206.584556 210.783758 204.2081
220.080111 206.584556 214.447119 198.751592
220.080111 206.584556 204.544036 208.127739
220.080111 206.584556 216.5275 192.043
220.080111 206.584556 210.671 201.441
220.080111 206.584556 223.677223 10.369444
220.080111 206.584556 227.464722 98.549167
215.179528 218.938222 220.080111 206.584556
211.143378 211.805214 204.432972 144.651138
211.143378 211.805214 199.934856 200.458961
211.143378 211.805214 213.942536 -28.408075
211.143378 211.805214 216.117 193.617
211.143378 211.805214 221.978603 2.095158
211.143378 211.805214 219.124353 207.346183
211.143378 211.805214 214.447119 198.751592
227.449 -32.309306 220.080111 206.584556
211.197875 211.336319 220.080111 206.584556
211.197875 211.336319 219.124353 207.346183
211.197875 211.336319 217.746897 202.628428
221.3824 213.2901 208.865 205.9
221.3824 213.2901 211.742042 208.862025
221.3824 213.2901 216.266108 210.374436
221.3824 213.2901 204.544036 208.127739
181.350189 193.994433 199.934856 200.458961
181.350189 193.994433 211.780019 207.298436
235.972642 127.414589 220.080111 206.584556
198.302897 199.412272 203.392436 203.298786
198.302897 199.412272 214.519672 203.840889
198.302897 199.412272 208.189158 203.219633
198.302897 199.412272 218.965667 211.5386
198.302897 199.412272 211.780019 207.298436
198.302897 199.412272 210.229503 210.434453
198.302897 199.412272 206.538522 196.800703
198.302897 199.412272 220.080111 206.584556
198.302897 199.412272 202.639258 203.810664
198.302897 199.412272 215.018 200.993
202.639258 203.810664 214.519672 203.840889
202.639258 203.810664 209.719217 196.641678
202.639258 203.810664 210.578528 193.947086
202.639258 203.810664 199.934856 200.458961
202.639258 203.810664 220.851422 201.824103
202.639258 203.810664 211.780019 207.298436
202.639258 203.810664 210.229503 210.434453
202.639258 203.810664 206.538522 196.800703
202.639258 203.810664 216.117 193.617
202.639258 203.810664 215.0461 208.412
202.639258 203.810664 209.826683 211.461906
202.639258 203.810664 211.742042 208.862025
202.639258 203.810664 220.080111 206.584556
202.639258 203.810664 198.302897 199.412272
202.639258 203.810664 216.857214 207.215992
202.639258 203.810664 219.124353 207.346183
202.639258 203.810664 217.746897 202.628428
202.639258 203.810664 214.447119 198.751592
202.639258 203.810664 204.544036 208.127739
202.639258 203.810664 214.16 207.11
216.266108 210.374436 203.392436 203.298786
216.266108 210.374436 211.780019 207.298436
216.266108 210.374436 225.623403 216.250328
216.266108 210.374436 209.826683 211.461906
216.266108 210.374436 221.3824 213.2901
216.266108 210.374436 217.746897 202.628428
216.266108 210.374436 214.447119 198.751592
223.5567 212.2 218.965667 211.5386
216.857214 207.215992 223.5412 215.1201
216.857214 207.215992 208.189158 203.219633
216.857214 207.215992 202.639258 203.810664
205.077731 211.232822 203.392436 203.298786
205.077731 211.232822 218.965667 211.5386
205.077731 211.232822 199.934856 200.458961
205.077731 211.232822 216.117 193.617
205.077731 211.232822 220.080111 206.584556
205.077731 211.232822 214.447119 198.751592
219.124353 207.346183 203.392436 203.298786
219.124353 207.346183 211.143378 211.805214
219.124353 207.346183 211.197875 211.336319
219.124353 207.346183 202.639258 203.810664
232.559686 103.287711 220.080111 206.584556
217.746897 202.628428 203.392436 203.298786
217.746897 202.628428 208.189158 203.219633
217.746897 202.628428 199.934856 200.458961
217.746897 202.628428 211.780019 207.298436
217.746897 202.628428 210.229503 210.434453
217.746897 202.628428 225.623403 216.250328
217.746897 202.628428 211.742042 208.862025
217.746897 202.628428 220.080111 206.584556
217.746897 202.628428 211.197875 211.336319
217.746897 202.628428 202.639258 203.810664
217.746897 202.628428 216.266108 210.374436
217.746897 202.628428 223.907106 177.474244
217.746897 202.628428 214.447119 198.751592
217.746897 202.628428 215.018 200.993
223.907106 177.474244 203.392436 203.298786
223.907106 177.474244 214.519672 203.840889
223.907106 177.474244 209.719217 196.641678
223.907106 177.474244 210.578528 193.947086
223.907106 177.474244 219.542922 166.019956
223.907106 177.474244 216.117 193.617
223.907106 177.474244 220.080111 206.584556
223.907106 177.474244 217.746897 202.628428
223.907106 177.474244 210.783758 204.2081
223.907106 177.474244 214.447119 198.751592
216.6467 209.119 203.392436 203.298786
207.9122 210.852 203.392436 203.298786
207.9122 210.852 199.934856 200.458961
207.9122 210.852 215.0461 208.412
207.9122 210.852 220.080111 206.584556
207.9122 210.852 210.783758 204.2081
219.794444 196.799444 220.080111 206.584556
219.794444 196.799444 214.447119 198.751592
210.783758 204.2081 199.934856 200.458961
210.783758 204.2081 220.080111 206.584556
210.783758 204.2081 223.907106 177.474244
210.783758 204.2081 207.9122 210.852
210.783758 204.2081 214.447119 198.751592
212.1506 202.291 209.719217 196.641678
214.447119 198.751592 203.392436 203.298786
214.447119 198.751592 209.719217 196.641678
214.447119 198.751592 208.189158 203.219633
214.447119 198.751592 210.578528 193.947086
214.447119 198.751592 205.935064 209.663272
214.447119 198.751592 210.229503 210.434453
214.447119 198.751592 218.481944 196.009167
214.447119 198.751592 208.865 205.9
214.447119 198.751592 204.992364 192.743536
214.447119 198.751592 216.117 193.617
214.447119 198.751592 211.742042 208.862025
214.447119 198.751592 220.080111 206.584556
214.447119 198.751592 211.143378 211.805214
214.447119 198.751592 202.639258 203.810664
214.447119 198.751592 216.266108 210.374436
214.447119 198.751592 205.077731 211.232822
214.447119 198.751592 217.746897 202.628428
214.447119 198.751592 223.907106 177.474244
214.447119 198.751592 219.794444 196.799444
214.447119 198.751592 210.783758 204.2081
214.447119 198.751592 204.544036 208.127739
214.447119 198.751592 216.5275 192.043
204.544036 208.127739 203.392436 203.298786
204.544036 208.127739 214.519672 203.840889
204.544036 208.127739 218.965667 211.5386
204.544036 208.127739 199.934856 200.458961
204.544036 208.127739 211.780019 207.298436
204.544036 208.127739 208.865 205.9
204.544036 208.127739 220.080111 206.584556
204.544036 208.127739 221.3824 213.2901
204.544036 208.127739 202.639258 203.810664
204.544036 208.127739 214.447119 198.751592
204.544036 208.127739 214.16 207.11
216.5275 192.043 219.85 200.033
216.5275 192.043 220.080111 206.584556
216.5275 192.043 214.447119 198.751592
214.16 207.11 208.189158 203.219633
214.16 207.11 202.639258 203.810664
214.16 207.11 204.544036 208.127739
215.018 200.993 199.934856 200.458961
215.018 200.993 198.302897 199.412272
215.018 200.993 217.746897 202.628428
210.671 201.441 220.080111 206.584556
223.677223 10.369444 220.080111 206.584556
227.464722 98.549167 220.080111 206.584556
